from functools import lru_cache


class Solution:
    @lru_cache(None)
    def sum_upto_and_including(self, i):
        n = len(self.nums)
        if i < 0:
            return 0
        elif i >= n:
            return self.sum_upto_and_including(n - 1)
        else:
            return self.sum_upto_and_including(i - 1) + self.nums[i]

    @lru_cache(None)
    def sumK(self, i):  # k sum starting at startIndex
        return self.sum_upto_and_including(i + self.k - 1) - self.sum_upto_and_including(i - 1)

    @lru_cache(None)
    def maxSumKStartingFrom(self, start_index, num_subarrays):
        if num_subarrays == 0 or start_index > len(self.nums) - self.k * num_subarrays:
            return 0, []

        sum1, indices1 = self.maxSumKStartingFrom(start_index + 1, num_subarrays)
        sum2, indices2 = self.maxSumKStartingFrom(start_index + self.k, num_subarrays - 1)
        csum = self.sumK(start_index)
        if csum + sum2 >= sum1:
            return csum + sum2, [start_index] + indices2
        else:
            return sum1, indices1

    def maxSumOfThreeSubarrays(self, nums: List[int], k: int) -> List[int]:
        self.nums = nums
        self.k = k
        for num_subarrays in range(1,4):
            for start_index in range(len(nums)-num_subarrays*k-1,len(nums)):
                self.max
                return self.maxSumKStartingFrom(0, 3)[1]



# runtime_error:Line 13: RecursionError: maximum recursion depth exceeded
# last_testcase:[51553,20318,39743,32819,39854,38567,29467,32540,51022,50903,15112,29586,39923,7517,46971,17796,56441,12631,6338,52454,4809,19499,7026,9750,15666,18114,17806,31507,30785,44953,29531,30463,35023,30091,8522,16535,17822,22648,33430,45059,60930,31920,31189,19767,25390,41412,11797,32377,1457,42161,41268,62332,58767,26852,28602,18352,25662,20525,42186,38773,50072,49316,227,8649,43511,26799,56825,30782,57507,47727,22981,58195,23775,61787,64550,4768,13267,31405,21940,9134,48234,38717,17186,57194,43164,35475,35133,15860,4804,23534,3930,19297,12693,49838,31843,31302,30506,31542,63106,25867,43097,61039,28379,54683,40217,57789,10985,16196,64141,13399,40788,7766,28489,7688,47793,46079,45034,39715,55445,26697,22532,7080,6853,37610,20409,27350,739,35276,15547,19809,17619,10088,20839,58554,5552,55303,19515,7404,11252,60888,41379,38608,9142,22886,41422,26108,39502,52003,29059,26707,33120,41413,38152,42491,44079,650,994,61413,53321,60719,16701,14973,54386,14686,43430,24351,50897,8545,44193,59366,29632,34516,62725,5763,54944,14687,51661,12033,25189,29904,24851,41366,6982,61674,45672,13665,41793,60402,44507,42874,61926,51261,37815,38760,31261,48815,19470,27508,52289,45050,23902,7895,56005,38279,55777,24382,51375,40714,23751,34313,53271,35824,51613,33737,11845,57089,34376,29962,24471,22768,33204,36538,15172,24947,2198,38458,42790,49986,16546,19273,23895,24376,15618,40213,35646,53809,20165,46834,12165,39241,47583,57810,57501,31529,33488,28337,47996,26529,31901,6855,50724,54163,53341,45603,14870,43000,27214,36861,14188,47815,4368,15034,23897,59790,45863,49862,44453,36174,45006,415,20050,2512,27339,59495,9234,64128,3976,57018,5951,60704,63320,29092,12824,55570,30771,15966,37444,57551,6253,2560,26670,21692,11735,35076,23849,20867,37308,34,21938,41662,33087,17064,61473,4270,5281,49856,24257,33685,15273,34677,62686,937,44465,51518,41740,1113,24429,54904,35909,40466,28191,19629,15174,9881,33319,28166,61074,48489,12830,27606,32381,64629,52443,35348,6255,48909,8394,61803,34604,43743,2298,36219,41739,60906,17816,45313,22611,819,54606,22180,3998,33376,8750,40098,23319,3301,3003,9367,51606,52625,19266,24130,52519,5204,49065,33200,23198,61752,19615,7543,23505,3922,28114,9939,51482,61899,2084,60397,20012,2950,33190,39347,9974,24351,34243,48215,3716,6488,27171,65030,26780,10281,12261,21159,21215,19722,15549,33920,10958,22935,10147,42103,21416,4798,57234,36272,10399,5071,10796,6324,56780,6307,28882,27220,46291,12245,2799,44410,3214,21216,33569,12395,45132,33430,48574,16293,62336,12146,136,11177,43788,10099,64442,5907,27047,38254,30103,59021,19965,53152,6818,2535,37503,54706,26935,57185,48142,57917,724,64726,54039,26551,11322,16315,3750,41614,62083,30277,26870,8859,42006,61429,24953,3950,53801,40967,13327,55137,1755,705,55567,64860,62381,17075,1788,46478,52181,61051,1544,36128,43551,31985,60106,27925,41523,8668,62896,10315,30761,65165,39561,65074,43139,25025,8764,35578,39113,47679,21151,31135,38908,57693,7238,18093,45847,44357,3256,45222,59797,19326,60649,16083,38140,59620,57595,65201,29556,13954,21122,54710,58287,64995,55158,22647,26418,23413,23339,10733,32663,8483,60145,17763,11634,44754,60044,2947,54509,36796,50412,7988,59642,12872,20657,3860,28195,28174,6263,63907,49826,5000,45900,40642,36451,10288,6151,9385,29,11947,38857,3218,51707,61734,32324,32975,5413,29242,51565,45571,58275,24524,28334,57451,21318,44237,35128,15979,61499,24085,29190,39556,44975,19185,29670,26315,30119,42581,9493,38694,38146,7658,46989,2453,40717,46832,4109,7189,14297,59831,53007,57142,51998,26236,53481,9961,60637,19851,14884,28565,30256,2232,20095,20360,6687,41035,10996,62204,42249,58306,30697,34578,13870,13229,10375,28902,62094,60334,62989,54594,41208,39244,35768,57380,38785,11209,57937,36752,63330,28095,25376,35745,1344,53228,26865,22819,1861,13687,10583,53787,35538,37766,7448,11683,58095,57501,2883,44896,55049,63835,23362,18581,31234,15595,49236,54021,63592,43497,65410,12929,28714,14209,1131,62189,3733,44736,26149,3154,24991,26941,25811,36238,9931,49144,37960,40209,35385,57735,13930,10674,52715,34743,33099,58075,38271,24121,22011,55557,48016,39346,53314,48554,24803,9943,56782,2479,40667,15286,47327,20563,57011,46201,13234,30362,11333,58577,37309,43601,62651,14222,1560,44702,56718,62635,37530,22609,65319,27349,31772,21585,17956,52659,37972,17602,44574,4060,15219,5784,48466,35697,37308,11922,14478,857,19913,4401,14481,8202,26589,22446,23029,19814,10000,56183,17548,2081,55539,43192,57591,23320,34668,3644,15163,44855,11194,53429,36400,25718,35126,44770,9105,26334,9154,35639,19577,16803,46050,37317,37301,64325,21370,32719,51667,56231,22036,5396,22909,61606,7468,18069,12845,53778,30916,49069,22838,47829,3582,23941,55525,41467,28957,61605,32601,60679,28668,65205,53155,11702,3646,18241,56232,65353,36130,40495,50831,10422,52881,10222,4037,65186,35654,13183,22300,31321,20385,12672,42501,65487,55519,13889,50736,21764,37959,46498,23536,52079,16418,1863,26158,49030,12893,42093,54678,10708,39467,19352,13993,13302,24538,64830,64123,35389,28245,18411,10136,23187,48881,48980,33787,14973,6612,42369,42752,62698,33916,11150,6380,38055,39293,59166,49390,23816,39232,59061,53364,8152,58587,3965,51751,55059,28576,61822,11342,38216,277,8128,58427,59788,27367,6938,39488,23604,23612,49113,35273,44495,22961,15010,33688,23341,30104,63113,43256,10062,25659,906,57374,1900,46677,10445,30296,4522,2755,12973,14783,52257,49143,32376,59886,28404,57565,64619,15796,8134,52889,9457,31158,18766,14375,54059,64939,14198,45033,61649,43961,39143,46356,19526,20007,37196,9267,50495,18787,10169,39384,1317,53574,20870,11330,6818,60968,22609,32168,27451,60847,13340,46953,43962,28186,9216,56098,63656,53338,37640,5515,2017,21255,52057,5879,5981,60210,6209,22817,6092,4297,23433,62560,11746,22827,62598,46592,56657,22190,43699,24864,29175,17185,19420,31345,38544,1358,49582,32974,64561,59879,55479,39308,13028,57734,45485,46648,54976,36335,32192,53634,31339,10377,4622,49662,50752,27227,8472,60330,7466,56617,46721,20749,40557,57099,52780,61904,19849,1415,33948,45909,7571,19420,32645,64411,38730,43944,65262,8809,10747,15864,21098,17738,362,33262,38729,55211,59643,5877,52244,3122,51525,454,43896,44265,47389,55909,63709,57614,37957,18709,60708,24129,3739,58661,14069,2144,10642,28872,8154,21389,46699,23501,31850,39802,53858,28938,36027,7502,56122,53699,22644,344,6733,62651,21636,53942,26063,59287,64138,15459,57571,43489,50173,6019,38543,2016,51355,56803,48875,52059,14090,28286,3022,17370,37870,16588,2763,51363,54207,6163,24023,27057,23594,60600,19125,54834,24309,53969,11742,6359,2760,20112,7449,52361,24733,60249,29145,24609,18305,60533,15695,64500,59060,57768,55629,1663,64713,35464,12331,17220,35541,17506,42545,10434,51728,32648,52455,5797,10867,51040,2461,60590,52771,10735,16859,4672,63471,9219,7083,60088,47256,53232,51145,63831,44080,57071,1704,42013,19271,18731,48412,9174,15652,61567,49381,56917,58920,63061,6963,57311,11443,54192,21145,8894,1278,42001,22945,39802,52860,31326,1614,30155,14416,31364,6192,55918,8616,9568,8894,18513,15376,7516,45985,9348,18818,65350,56999,60256,34387,26047,48694,61834,11404,42460,58173,64650,59853,55396,23935,11866,28452,14373,39347,13503,46571,60466,56435,60131,248,65431,20835,40867,23683,6529,14558,11839,18419,59079,22591,27380,12667,21094,21644,49805,40448,38405,61677,42576,58708,64518,12246,13487,8157,55570,6758,4778,36720,27424,62618,47109,14522,58709,39656,31805,26496,46209,24888,15045,10436,49184,19060,27935,44238,28309,40331,20457,31052,64354,9668,56122,61746,58104,40189,17042,27676,18532,57612,47227,7184,63571,23369,58886,50915,45408,54110,16919,52559,58226,16151,54724,50979,59845,50222,11397,40628,49388,53196,36835,36317,59465,37646,20421,47687,28384,11113,45191,19921,45026,510,57820,31954,26791,37375,22960,35436,44464,62650,26081,23797,49477,34933,28882,30307,48937,4700,6968,44070,44444,6551,22509,6209,13814,39519,65261,42527,2886,1759,1922,50780,62454,25365,50118,4815,30956,22882,16042,56517,19010,60049,43117,38692,31627,22654,41433,2868,46208,16071,28022,51383,62795,24776,11069,29144,41521,48802,30642,29520,19763,37978,4413,21290,59351,53360,21549,37163,53049,5365,13068,6389,25071,61291,23909,63601,39103,56334,59738,50494,38354,38596,54278,40919,20522,390,61548,26679,35798,44501,20172,48324,23772,51333,34682,58491,6372,12281,2669,23829,18378,20922,46444,45121,61482,33937,11232,36074,19526,55798,22077,50172,13661,51490,11867,14316,49112,17119,29389,33460,42023,5925,59903,39011,51618,43266,59672,7905,52588,1421,6999,11654,12039,30296,48941,30837,38580,34062,27131,36599,26492,64047,8136,53567,58394,45354,5595,4355,63375,38771,13316,42737,38174,1035,38173,22802,22440,14783,51142,46485,40270,7247,60181,54815,34231,39689,48345,38160,49933,16036,34746,42099,26337,18544,60799,46152,5968,11465,15170,42176,1237,1542,47234,45708,52082,45206,41626,59112,22932,59615,20630,55317,42321,26900,21168,45280,14483,35338,62439,33783,2402,15996,40368,51263,31264,20232,7806,8436,63442,40281,14869,59735,21973,39124,34816,24980,39178,26643,56244,34251,42621,22408,53850,26438,38181,21245,60787,17577,58630,52435,38359,22402,26403,18335,8921,41279,13927,1696,64377,13568,746,54689,8497,45801,16582,61127,46591,14173,59016,63339,43264,41319,37776,64672,12253,60677,639,19089,63185,20651,13748,59781,49536,21102,29706,50957,24061,15604,32860,50978,17152,57463,62039,20498,59143,24536,46874,34146,41088,53935,27261,13787,32552,59405,33394,40101,21723,33176,20942,20506,30328,43644,25552,19862,46384,45525,56732,26477,6087,44811,12856,20325,9156,54310,46405,34331,22134,2146,34827,49215,20728,63412,33638,18461,39462,45953,58384,6459,36236,49637,63594,5552,2459,45836,63215,14240,46739,44374,48782,37829,45196,11947,27245,13688,39845,16898,46252,51071,46948,1825,11301,57197,39397,10731,8583,63102,47268,62053,30970,18152,52232,6791,48245,3831,51090,38110,59332,53541,28063,31126,34869,16304,35945,54499,9518,42184,7918,58299,14476,40087,30782,36201,60232,43580,21314,24118,20215,2323,64146,47068,59265,46894,15865,5036,22911,28633,37017,25659,34264,4854,22991,18231,37480,12561,51476,7115,33897,54115,42130,21486,52782,42180,8486,39314,13646,10168,48809,5931,15441,34551,13736,18868,44482,63971,60312,26177,39003,13669,39607,1992,48477,65490,34294,12559,33483,15478,64713,20359,5512,16380,56007,35723,36437,28196,7141,47935,64367,36360,6177,29576,40881,57552,58091,63251,58290,60763,37680,19364,32647,57581,15477,59874,61033,51958,37307,50146,31837,36730,30182,26075,11405,6191,54535,58901,22077,9372,41900,61441,11665,42881,8760,15869,14342,7901,20728,62341,63690,24375,63024,49620,9976,30896,12020,36969,43857,41813,9878,61282,54835,43200,24119,10883,37731,41353,58819,36112,63139,40251,21860,13963,7492,56025,35407,10289,38262,56382,52588,40668,26534,52252,7403,34288,35782,56731,49276,27692,3635,58219,45880,53633,52103,59072,36000,13160,46664,7587,29060,56216,8567,30895,55852,21120,56687,32937,4308,38125,22140,48396,20603,61279,11728,14149,12247,21834,47455,64472,13627,38107,58857,19579,18933,56766,8706,2930,63651,54158,63910,11299,14509,59068,11276,24918,53087,39778,58626,58271,37784,13647,34804,5825,1003,24138,15128,58306,42686,64504,19744,34935,5903,7887,47582,52928,29477,18528,9792,5283,60966,42135,42449,24492,63687,9194,2637,46863,63225,29510,57515,33021,29245,62241,62663,64570,26370,14570,15715,49443,4831,62967,4167,17233,62179,39385,29549,32141,48038,47326,33013,52585,35096,55461,9766,2820,351,42841,54145,36223,13139,56311,3770,45191,44176,62268,3543,28213,51548,24874,35983,46938,30426,10964,19787,40125,48197,65088,46689,5993,52949,64231,64895,51510,22323,1800,49699,15436,58358,4047,25745,56514,19148,59008,38582,57703,50465,47751,42414,23839,3771,41403,9585,9522,44812,64217,42459,20797,24263,33066,16207,43439,48063,26499,43777,24934,36426,49571,7416,6747,20036,44368,55159,27125,57656,3624,58419,12036,36816,45367,28235,22171,33301,38544,25060,14022,17990,65069,7157,47809,60650,36321,60732,17625,17396,16550,56536,885,50927,24767,64737,55894,3801,14049,62420,60030,52945,64466,49200,54430,44489,61328,29536,47152,45419,42004,62342,22176,59211,55597,22114,6397,3459,59179,28833,718,8702,60161,38824,65528,50060,63190,37049,40067,60383,22935,1917,41541,44548,27897,24255,65426,35257,9430,52187,46980,33316,31259,65177,23021,45830,32146,12766,8429,14684,32649,34242,13187,64794,5313,49929,34400,31121,27582,8988,33492,32112,28694,31660,20092,10009,39369,5848,125,12465,23260,63240,9334,27948,64082,24935,13111,9996,51018,36887,22094,7499,19804,61828,9780,54246,8774,26443,23625,27196,56778,36225,7786,6099,43288,58221,16981,34945,42732,21608,61987,64924,5166,56183,17981,25357,53618,48924,46724,63987,34467,64827,58627,7325,13608,28172,38573,64420,7192,63773,12628,57800,8260,18882,11389,22992,58862,37465,52540,64650,19588,49897,52583,62341,42994,46312,20570,8300,29406,43249,44202,40013,33886,55248,11099,18640,32654,13298,41742,58369,26459,53917,65378,52924,16811,53522,25447,22564,52752,62704,11127,44001,62185,7479,1088,13498,8942,65016,53511,18340,41867,59473,36867,8459,53477,32161,63245,3540,54946,17152,62347,47285,54412,28625,6072,34486,36390,14642,15020,7808,47766,59834,5223,23566,49230,18276,43958,59106,4346,25988,28125,38184,61832,960,48824,22758,18720,40969,43120,3426,62307,30167,28169,51481,9187,55630,58172,12341,8987,43788,58507,29760,4226,12771,48116,62971,56313,14595,24486,26895,35747,59630,33579,7083,35690,57777,36250,22594,62417,62171,6351,46932,36687,49040,2691,48965,10346,61249,29995,39996,19719,21007,59271,59436,19796,59523,46988,25998,38122,27487,23516,18043,4708,22664,17328,15246,10372,1339,33890,21691,51598,17111,63253,7572,33187,60778,3387,20693,7837,18030,58649,48198,29663,11270,13974,59482,15042,37189,54432,41187,5042,48700,14327,640,55374,36866,2921,526,54088,22430,49575,68,45869,769,11296,35384,28241,20067,62247,54952,2473,12194,45662,8971,2183,17546,27270,1702,54769,29377,21783,27761,61250,11961,11439,63287,27869,39233,13876,4872,26443,6961,8615,22756,8321,34888,40850,62448,42842,8649,63373,33201,13915,27654,24150,13364,20986,2359,31097,11641,54254,50399,47200,17941,57807,63247,58043,23308,3850,27661,4192,45313,4830,41783,21672,37314,23857,49014,46607,27385,4332,19176,22186,15328,37636,49739,22443,20310,32970,53039,35905,48181,28474,63450,57269,58921,28475,16947,31767,53187,18966,3478,1373,53310,54564,18231,15558,23379,20321,23577,34766,20207,36168,6358,7921,41723,7599,3506,34539,59136,26427,28854,25589,10664,32273,58840,11032,56108,55083,15402,39473,57669,19063,36138,4771,51074,41045,22382,45918,53358,28349,53310,19778,54395,20474,1578,33305,21603,40550,60057,14906,60455,47705,10121,57043,11752,36696,11459,29991,40595,33237,59179,14043,33637,46760,61037,30575,6151,56024,57088,41868,34726,25249,19169,47536,25815,59871,55957,64390,18122,51736,45502,51373,30102,11288,27011,54078,648,21381,53204,51001,5316,20748,14704,1618,51839,3177,26846,49013,3056,34795,61449,2135,60497,47808,47630,21512,1454,29573,55937,1372,44032,52848,62004,53614,61936,19716,64559,7850,50537,38899,47430,21914,37684,6990,62152,41498,42121,7290,53721,53030,4598,9300,51063,59999,11654,54613,26344,11368,27224,47197,32638,40812,47038,18199,51939,31255,15154,47565,64343,6628,13391,49697,46687,32294,39195,23014,8923,14964,12332,41788,16926,40707,59800,30069,5128,21471,50121,55360,13958,12036,59312,34913,65382,26144,26145,47936,49997,35490,30929,61711,48332,24372,17902,25368,31353,37991,8880,51044,36823,42978,41211,63060,33930,40718,347,19372,3307,23487,55355,9268,57749,45687,44442,42204,35201,65082,43237,41184,54597,558,30782,2785,39306,57511,36492,34914,4025,60640,29261,12491,51547,55326,43225,43874,33511,10173,50015,55191,30857,42110,26387,35482,43098,42496,58116,38247,7767,18210,55019,40164,4566,9128,55984,21554,22254,3554,25688,6436,4498,30419,8448,33261,26306,14815,38910,46577,46897,1959,26233,8692,20835,43852,7087,47994,28028,21592,62748,29270,22966,47653,41077,41576,2615,27580,52287,49024,1872,10646,33720,26853,12414,19826,7717,51341,37847,36552,245,59603,53071,40988,11397,38252,36474,16304,36140,43194,63927,48001,24056,14831,49528,48956,61806,13239,59731,43404,20921,64658,24145,8612,64060,7502,60580,2027,47011,63484,1249,20740,18354,14239,34957,44652,41717,54565,38542,10828,9469,20304,18049,45,53455,8279,15657,41053,61393,39298,28754,44187,61277,21743,53095,8425,23948,57390,63608,23702,51961,59734,38001,54020,54973,17498,20527,15361,25361,31055,13411,35683,39228,38990,32030,846,36895,28212,4070,24109,14689,1305,33438,7930,21609,21250,54737,5004,7975,59272,3423,52317,23276,39637,36628,55156,38179,58361,46072,45190,20668,57362,10879,995,47599,14236,55509,43625,32221,25862,12848,37199,19123,27607,11630,65279,56625,25439,5119,22919,2296,54277,30674,53084,920,32847,25942,55905,41892,50843,5392,25527,64014,15534,1964,9297,547,50658,23423,41415,53366,29496,12063,25306,24559,1667,56268,39338,44584,14521,50875,55796,20270,42756,4694,46898,64119,64839,49764,38729,32515,16749,6033,50238,21281,58900,29961,27357,60108,18282,58691,42792,31218,7105,2398,52367,33637,54742,29889,11061,59224,38094,64307,19097,65399,42641,61190,33024,15273,54434,25718,54724,30584,35011,60611,480,7919,6445,35915,40211,25791,5722,27191,43222,1481,37375,17789,58167,43467,47227,40035,23071,56199,23671,4835,52989,22985,41070,55972,11937,4927,41892,17477,728,65445,41979,53257,60124,5594,19225,52564,7927,14664,2487,42599,34834,57056,34490,1262,46369,23268,64041,57832,4421,15333,23167,54778,47599,19919,22024,25717,24973,41192,55497,20039,20651,17883,59157,47091,44850,47029,47588,38049,42042,46569,65354,45526,36759,3350,57595,45620,7727,26596,25531,7927,28667,7033,57877,19297,24081,16437,12919,449,45071,8732,65442,15882,5315,7271,5677,60828,54058,50616,16710,49417,44126,26701,51448,4705,32975,19056,15560,32076,29022,17857,60089,29656,13387,23374,56984,19195,53319,16738,4591,46967,940,62914,26274,9253,34593,60319,63632,52744,35577,44556,25714,35348,54694,4450,6158,14647,31025,5903,43838,6021,9571,54309,51918,1353,42634,5742,25171,7565,21064,38672,56237,50641,58603,11422,37304,53079,4161,3154,11108,41178,23562,10289,9277,10020,34911,58337,14014,60024,49670,44506,34226,62691,26540,43297,2838,59380,3876,29850,29462,58122,48483,9971,55429,43637,11713,17290,48878,59688,23865,51599,50110,2255,51391,32004,41568,12202,61789,57939,34429,60457,59258,7157,34773,33309,57772,31643,41266,20058,18487,45106,33637,53810,4947,40129,17928,12640,4850,2299,38771,61630,24896,61339,12425,2622,6688,12085,56155,29023,36325,13457,47590,42283,20205,57682,28326,12708,29639,52969,1007,22051,64847,35092,38890,20646,39796,31778,64744,12060,6538,5407,63443,63184,43645,62028,36451,59280,53637,6764,30033,44828,30481,21776,45977,51700,47179,838,14294,7366,25045,30454,59265,4496,49917,59509,62784,55757,30246,36347,4134,63857,36875,47181,57743,39376,37855,33720,40683,26235,37185,50127,5474,56280,29130,2413,28298,58446,50539,28614,29445,36882,11750,64720,15650,16631,57660,40790,6845,36689,25666,6661,58920,11177,58957,39369,30488,2860,27324,5250,56526,21576,37223,37307,42069,44240,47005,54163,53399,29354,32088,41774,12335,11110,49061,10809,48930,21178,56822,61272,65133,38542,34450,27208,24398,48545,7339,42752,26070,65474,39302,10953,34877,21194,42966,48440,5784,9341,37597,43791,7377,55460,63746,42285,52818,53409,62390,43005,7835,41658,45128,22757,39339,32713,47848,62557,49574,1073,19453,36233,40394,20644,49773,43981,34248,50230,25197,15655,58805,28648,34778,65281,30184,23847,61356,53853,36224,53914,11993,3132,50581,29825,1264,23278,31631,36283,15240,24874,36424,13368,26870,56242,21858,9991,57780,11537,25725,12100,60578,5477,62591,10725,62259,60463,16902,54398,23714,401,2733,49100,22094,17608,43211,62868,52493,17151,9416,48268,2689,24015,52305,4050,17883,34109,62455,31904,48545,30973,50759,22221,28903,15376,47954,50619,53224,15058,55472,56233,32970,29962,13645,14660,7212,24591,54186,19012,13121,11676,40819,58148,62169,22155,35129,52797,53521,64539,61875,31771,23796,23305,64829,10412,47816,45950,46845,32785,13629,56022,38130,24553,30694,43326,19903,49855,33031,29183,122,57761,16842,31394,18605,16823,46082,65437,10460,9967,4684,65510,51455,395,43614,6811,9187,59099,10068,60586,21214,52912,53825,49650,43643,13452,52847,27565,31582,15672,5491,40525,61827,32408,41484,48890,52316,43592,62143,56297,57700,34368,32504,59715,40692,54635,17010,6458,64368,24196,47046,54762,5485,2131,20353,60709,64271,61588,25595,47621,27279,53698,30986,46765,31559,24619,64484,6201,44904,52962,55998,45237,25577,993,27983,65213,4266,17026,63714,41399,54103,63293,9576,26518,54912,22418,19609,6120,65419,871,32962,23398,408,34194,37594,31551,29584,26330,57490,24112,20026,60454,54504,60904,53616,25537,55773,63832,32555,40721,38423,46066,42616,50457,35675,55890,4238,7261,59834,4230,57377,38591,44533,15543,9446,55936,6778,39015,23133,26094,3861,39472,33419,51924,12618,45722,37845,6208,17484,40394,18891,43108,11949,39981,47962,60521,21254,49684,57316,32014,55702,64952,60200,57270,31556,6098,19662,44713,26411,23193,43885,53365,18024,27309,35842,46868,49082,27249,51573,29688,2480,5409,46670,22413,36430,11031,61062,17181,62494,40658,38560,9819,45035,11314,30699,55551,64551,20782,41012,50562,14812,14703,28341,34377,8140,49810,5344,54514,20991,40980,26129,12166,22973,55785,7599,61916,64553,57513,16965,48293,50932,10505,6699,36808,29971,31647,1790,10612,13888,45219,59704,56594,56307,44848,50086,15314,27393,23489,15613,768,39575,11905,21337,64344,25581,45005,31142,54525,31438,26588,16860,1913,60024,13254,3589,27689,5021,18068,37367,11384,3806,20893,64682,56833,32690,31844,7091,43374,44344,6864,20178,51961,5072,56952,39039,23511,284,55464,30727,2085,6448,175,29961,11453,13549,20854,47271,7099,14551,13668,24742,6804,48503,34270,6830,41238,38201,23445,59951,415,34609,17443,9266,59683,31049,25390,64475,23354,3067,36085,12198,6642,57787,3418,2927,45394,8706,51507,25506,56939,19928,14398,4422,34619,10932,16458,53821,48543,11457,16202,3522,15970,21464,4013,55839,19964,4088,61697,31608,42201,30207,50595,3668,23086,11785,17391,60725,15073,7155,43976,39335,50887,50979,51795,19073,30374,59738,18025,57183,45278,8250,26990,19977,48246,52891,43993,49203,54572,58127,63294,53397,16936,656,491,59346,5144,60463,18207,21750,9600,18629,39103,6044,31482,22843,8618,4942,27776,37770,226,37205,22869,13345,9554,3421,49053,6090,19130,61212,30860,14110,15988,7616,31683,7765,43303,29011,62755,49716,30426,33231,14766,21746,3227,55501,64029,46112,28183,60369,13344,3428,20915,54255,44228,20214,24946,12627,49022,27619,20149,53795,3424,45746,24614,48024,4733,23187,54729,26799,30006,20085,26120,35119,43199,61965,30540,21458,12482,22071,51172,34369,10089,35281,42027,25288,11764,31830,2451,621,57924,55932,31052,11842,26570,35533,2080,56924,53567,39027,53322,21557,8828,59045,7388,27305,59158,19024,45320,52299,61140,57693,57030,54272,51302,3222,10685,54936,9225,22499,11172,54137,31944,32933,14019,130,62701,46535,24939,39639,46492,6757,25121,57774,8971,47797,14729,10515,16,40795,49286,29079,63755,9414,44193,46411,65019,8386,30938,37804,1060,9155,60492,40806,13546,25408,460,64477,26456,60202,49015,16985,36566,31611,55767,27836,2695,13733,8636,26919,3589,2679,6304,22336,42229,49426,21764,38928,32327,11159,31672,13579,727,46174,25544,6818,27604,31629,37764,39730,33133,55740,42433,57707,33477,56176,53051,36975,12111,13008,47873,63665,63500,59085,37520,41096,3388,11854,4635,5128,28339,11700,33127,37533,6667,23393,35967,60934,28376,20808,7961,34906,32087,58298,16671,59178,28477,29070,34995,42869,46542,54016,34291,4413,26772,33900,43589,3758,59611,65023,33045,19063,22473,48521,19329,61747,6019,61900,21837,55974,43006,2929,19206,59021,3277,38658,6515,41523,21026,44643,35213,42302,64889,44350,63658,16479,63135,34155,37804,58161,13734,59842,32222,62203,39743,14100,31831,57250,36284,62555,30766,391,22989,20149,59567,51608,35241,35673,42196,13271,60303,35019,4181,39703,27006,7293,43992,11449,3246,48324,12477,27919,12788,10804,36906,1665,34307,35659,25574,3708,54850,12614,11497,12846,16507,5285,20941,22504,5007,46247,60085,47750,293,63918,25276,16007,34857,42134,56088,43152,44135,9860,13603,12689,6681,29553,25482,40538,21867,39185,43709,13297,54237,64648,44802,41586,46140,25932,58487,1850,30780,56729,13980,26057,48987,60754,65428,51912,42587,4350,20038,25459,19200,19394,10876,14333,49606,31842,46040,58696,3612,35227,55156,49600,40245,26234,12886,49794,38761,12443,44684,13602,6481,56403,51239,53651,39968,61027,8420,51323,21039,4589,13386,23160,53825,56111,64398,11014,6009,34271,12608,25494,39626,9039,61450,33441,25584,37223,52743,14647,12069,57358,16799,21688,65158,35433,15399,13571,10402,15807,40634,49973,48072,17199,57132,4701,53346,21921,26475,36593,56937,32437,43772,33046,53663,5052,61060,1036,32342,20797,12153,2661,20096,4587,2114,6157,65167,26991,61417,14808,41836,24636,61458,34789,22635,5332,4811,15953,24302,61314,11842,17932,26537,10972,40920,22357,49387,27016,11286,34774,22210,7283,8437,5308,62825,17344,55469,43329,44416,54922,22158,15763,10438,44612,49802,8032,31174,53181,5943,57196,21849,48201,1156,18203,12019,29655,6129,48034,28595,2245,38116,52250,14279,55060,49465,13576,11249,27061,63578,6963,46414,22013,27546,19451,6260,44876,51260,9312,51802,20253,2333,9942,31148,45315,58860,48778,33783,31117,8102,11755,3542,38337,59560,6709,17691,3345,25046,19435,5975,62557,41338,4594,8412,23791,36490,1808,29690,60213,54079,43877,7920,60967,28275,35488,791,40891,34103,60339,47274,7013,12553,20929,10825,20962,5019,3101,43559,63892,61255,3026,60252,40525,39864,62481,64828,45510,58069,42,42751,60362,11546,18626,1465,18703,4919,16875,56617,4065,17009,51120,39949,42865,37508,1683,41353,26527,14901,16685,54744,57695,19812,58482,36781,33031,28534,15641,61844,51686,51290,37620,43181,12917,49654,36578,13864,62522,51541,16042,27360,45748,44061,46797,12188,63468,58576,38269,21751,11718,38752,57950,59755,64434,49736,16155,491,33401,5772,41515,24244,27804,3631,21131,17369,18512,34050,53375,11497,39600,18206,417,64983,42686,18801,54205,16131,8476,35093,50122,27285,62651,19325,7743,24761,41264,53514,33815,59099,39901,45873,5949,58546,47762,61072,19671,6182,22952,22749,42687,43680,46023,51503,20030,27731,30471,10969,30676,63856,31513,3333,26437,62499,4101,33222,29492,48550,40845,11275,59489,27120,34049,889,47462,19341,50205,37594,44702,33764,63481,15619,39412,55376,6324,65401,58592,56762,61338,15965,47357,6986,3698,30755,2238,13887,52494,36589,44719,33828,52658,18359,49912,60271,20557,35059,599,16978,49164,37096,55040,38135,64195,19128,16819,43943,65252,36464,36108,34028,22633,5209,28603,61980,61976,4015,44829,52775,65460,28306,7082,51840,10364,45565,306,28677,54713,7921,13551,64950,37153,54667,31064,40699,52146,60696,5237,46846,37025,4213,10177,24349,4805,33003,31793,32555,29419,62702,14767,10643,59858,31879,42419,2413,41353,4639,2861,39385,62682,65464,53494,16895,56727,53753,45113,15467,48464,18,2958,26282,2006,22167,15901,14844,53439,37295,32388,9204,50849,47480,54045,25625,20684,23597,34106,62020,33107,40560,36627,60468,61227,32244,40896,63599,40533,38971,32658,1607,52082,34165,59159,52139,17816,18406,40455,59654,51325,35649,47948,49507,44692,38133,33042,2851,3243,12460,55271,31179,8941,55713,38506,61243,41264,22305,33939,65020,51145,45051,39903,7949,7014,32989,56782,13840,47548,25910,25709,12099,1661,45887,27774,18108,1484,15518,37660,30974,12677,10913,46802,16527,9020,20178,36401,22500,26405,20122,46537,12375,20184,27513,40781,47875,19465,49159,21013,61984,49103,27886,57619,50538,10083,14553,24221,27452,15600,49538,10703,12417,16076,21229,7149,15517,6004,58531,33975,45055,60799,63897,6545,6014,42871,62811,27939,9205,26842,19801,34832,35581,21195,8700,18492,6481,49230,47448,62628,42525,35469,51884,61322,4183,32756,45405,32860,12612,7087,56820,6927,1240,11834,19196,62655,25685,15332,26160,24333,6588,38944,50715,36514,8020,49097,60437,23802,30800,26256,30687,43977,37266,35421,59353,47984,34448,43253,18407,38374,9506,18684,42343,51431,28312,25832,8586,24212,61401,63069,53465,56626,8206,9198,5838,847,58363,46136,52355,43109,39815,32436,10072,33061,47453,2617,21633,39885,64491,21144,9944,7413,19070,44565,57616,14702,40659,59041,47121,37090,17432,24175,49999,2378,21823,19892,59584,45449,9442,5757,25092,32196,26572,28861,20583,11850,3977,62812,45228,15219,5304,4266,64809,10677,25808,43753,46331,42443,63313,5546,9224,25283,64311,42432,34948,41822,3933,7726,5675,12920,46498,51454,5369,26544,20790,57964,11426,26272,51245,60954,59173,34419,34353,58959,16698,53129,48737,61446,24200,4126,320,36856,38031,32794,22508,14490,38987,51642,6636,7617,63542,57756,49694,45708,47031,16755,16708,14046,29427,21644,22103,27269,9974,18160,62840,37768,64041,31372,2717,23821,45556,12522,10706,10022,36440,16170,54713,28093,38834,9808,45543,13064,55855,57265,29139,2776,48496,16827,39603,25517,26987,11179,23358,4632,50786,31959,6994,816,25858,33190,55033,52443,36021,50995,57474,24043,26840,64927,26327,9803,40808,9692,46684,29505,255,1078,52885,28950,49933,3987,16562,48372,52728,62672,34879,51477,17580,29579,27929,57717,23613,61231,24386,60241,7053,4719,27107,18906,9058,803,16423,35659,51407,12770,31694,23654,54522,55159,2615,58083,22108,732,43970,48822,42556,2467,42328,36160,20098,2426,12790,25486,398,19283,20643,29799,42026,28245,48216,39573,1495,45509,19968,38241,30088,57779,51985,54441,20738,6336,56001,19540,51587,39269,4112,8868,12870,23898,57870,64742,50159,1208,14863,32535,59525,33354,39611,22488,64874,37621,19568,31602,10515,63750,2602,62008,17231,55874,59418,40478,35607,7200,57564,10171,36227,58699,21626,49999,23608,25767,27986,62980,14767,56300,53813,43263,11740,1520,9124,10849,39061,12434,21090,47757,43647,50790,40163,10395,18383,53366,50507,15915,26257,28588,55241,13451,9751,15951,2484,719,38304,139,49786,16865,64977,35236,55016,5985,43410,44530,35087,35592,21875,27512,46104,41507,15199,29671,26611,43454,27124,20036,65488,11982,15216,47606,7681,33307,42094,50927,21160,19274,3930,30803,10275,35309,32336,29243,47737,11537,20807,12401,48059,27198,31221,4746,8392,22211,20165,52631,16810,60130,58493,58823,43679,10636,42546,9509,21320,16543,292,35156,14275,46498,33502,27730,2420,8766,54397,35422,1862,6527,48861,15847,11337,13741,29995,13184,62123,29036,23762,25238,13803,8969,24723,41592,12349,7250,14853,49975,25337,42787,21235,12467,13170,21320,52648,20178,62887,44571,5441,4104,8292,22353,2514,49624,53426,53837,26904,35178,53636,27335,21246,52571,41360,24423,45149,43338,2933,9793,29760,62111,61137,61467,40936,4933,7979,43985,65510,32325,32278,30368,810,26683,5916,42064,54727,64953,61117,59892,22336,29788,26688,16874,62257,42045,44730,6264,44763,43541,11005,43896,48258,50673,34282,39997,53243,37024,5887,55965,19340,18415,45227,35378,29887,63707,54800,16776,46890,44879,1131,23238,21902,41016,25880,62714,44574,29208,16954,8653,16364,65344,57318,24463,16926,61128,3952,40210,18930,63766,51454,42493,29999,56987,61802,9054,3474,58594,6482,60294,48366,649,53852,13810,39588,15846,30264,34917,38056,1066,11142,535,16128,9583,25785,52707,1167,57864,9642,41717,42040,36562,25086,45003,5732,37179,20088,6968,57117,3349,56016,34180,3525,57778,10278,3758,43809,56161,32837,59087,25795,60305,37502,35481,9591,13382,43876,39601,44903,28488,4317,62533,65182,33536,43442,32426,37864,38795,31545,46004,59969,1901,15796,45470,30323,43357,38829,20789,39491,28348,38371,21306,11781,59056,41574,20449,13754,2163,47133,20483,27603,20070,28324,38043,13475,31985,40884,39358,9053,33210,18852,2942,19613,51711,52326,29087,65264,50306,21298,56395,25659,1129,48935,33074,57149,55647,37835,46801,63513,41868,9780,10721,55227,45507,49217,36180,32011,12455,27717,25797,1945,16750,25299,13595,42467,60520,32101,14870,65212,50066,30306,50447,21229,58302,62363,27844,17329,5970,44584,23431,28659,17124,25107,2964,65218,30157,56678,55150,3612,57329,33253,15294,16679,21943,43579,41624,20827,33609,20360,2692,83,26121,16108,55295,55494,64258,50942,13137,42894,53013,20071,8493,44372,20345,18931,44648,38953,25553,30206,24119,48593,96,64533,38192,50293,14027,56679,45649,30641,31670,59736,56846,40557,4834,12021,61433,48535,9353,32775,8573,35956,42367,50093,5398,6915,28225,3044,36521,41115,57547,25158,30226,37076,53304,26406,38414,869,7802,9679,44760,54984,15039,11012,49876,30330,18623,35741,42732,25607,25277,25475,57604,1138,21814,46637,21940,866,2878,23374,42175,46643,2831,13174,8890,37789,57660,34473,48865,6320,38770,30841,30307,49078,35335,47785,10648,1603,10038,58146,14654,15118,22014,11516,52691,39060,33609,29032,36026,42907,49651,63548,24642,7089,11304,12486,27116,45595,7264,47421,24163,23330,55333,25415,10330,33882,15244,1762,32393,27377,577,12385,43752,21865,52281,17578,50142,20670,24319,24069,39653,46057,55557,35484,15917,58557,36304,14069,53775,4928,12966,43951,48585,20404,13729,171,12259,10738,46925,64634,55169,993,45585,9571,41071,4030,64504,51804,39991,15031,54765,23245,34834,16994,40174,64031,5386,50287,30917,42633,35744,48037,47845,52951,50263,25113,24206,8655,48092,54687,59940,54110,47806,8343,64647,35229,398,59975,64121,10074,22418,20596,16746,12846,20041,30643,7668,35898,6605,18116,64225,50985,54574,35767,29200,63973,3717,60874,45801,2605,64505,10350,41657,17749,26236,18278,22180,56851,27081,15851,12016,3176,1138,3225,137,34048,4566,25070,56847,19779,52812,23424,11373,31094,59289,12551,7242,17234,38107,16657,22415,60210,24335,17772,36584,7552,44498,29108,39095,43896,38309,23917,18121,51931,36766,54729,25326,52174,36705,27884,39163,39073,46913,6964,62491,23824,38197,28015,8821,13263,10178,14714,26885,63282,26819,59506,59969,23652,29727,58038,50364,19361,41133,31894,54242,13259,35197,49986,58453,41828,59009,44666,8851,29515,58283,3206,35776,52759,37005,1404,40215,29304,43753,45817,61480,9549,18869,52894,6626,4287,64046,40304,54866,8577,25609,15784,24517,5275,10306,30307,15865,52523,59339,10323,38625,52445,7924,4738,37468,828,3969,13956,14498,42471,43242,18959,857,4430,15155,8967,42397,62086,28347,47028,3204,1569,5217,38160,60589,989,37196,9451,37692,18675,40779,22900,9733,46230,40152,35459,56952,51873,42209,64307,15403,61972,13620,57857,9547,3877,31335,40749,33961,7675,58621,8625,63006,36482,60895,39149,12188,11565,26227,39810,64780,17684,55232,39822,38743,61749,27570,29606,41239,33265,366,57173,6945,42690,3699,45188,65280,20014,31573,23646,29840,2535,12641,35461,65097,62434,54643,38036,60632,5000,64804,55504,35700,11589,46189,37944,17830,14405,54048,20040,45090,19657,9608,54407,36142,44552,7975,226,36363,17131,45710,13147,62033,44632,58672,2650,62772,47029,11871,34207,16801,2227,40998,22047,4421,59612,16483,50098,2579,54309,46362,48352,45816,36573,50696,59277,27073,12819,13320,6593,38857,60548,47355,48747,350,46353,63928,13538,54040,17270,28031,28215,26635,24482,28008,4579,53667,43518,15509,53510,41715,58800,15553,35210,49956,49015,4795,5407,50293,10904,5295,60247,24655,55116,4507,57241,52628,42097,29653,41601,344,16246,52144,54256,4911,37106,321,17133,36740,5885,33116,9118,20638,44038,19496,17230,59504,14848,20987,6593,47898,4589,12485,21394,37006,63197,13418,7004,18012,16718,19402,45085,39679,61294,15246,59421,49633,12185,19827,27947,28073,36482,30997,35220,4345,61904,1408,13837,21103,47995,24207,16410,46511,26623,35421,1306,39872,27220,14243,34967,47810,51425,23419,64177,17258,50659,54475,14026,2888,8256,50705,50783,33290,26492,35720,39289,1917,15359,7181,3414,36754,41997,36421,47623,58990,34193,26020,45590,51760,31815,54961,22502,58276,17203,26059,45207,55048,63689,63500,60780,52460,49725,10319,8941,43102,41920,28693,29523,17088,3348,5589,62508,11712,7200,58731,24902,41597,60108,32419,16758,45867,57813,50484,49037,31297,49534,47743,53324,30150,5512,3217,52584,32831,21655,31884,41911,12941,6196,13050,27425,25546,4271,46490,62562,43892,26669,33958,1951,53974,61747,4481,10586,41881,52929,30896,12056,42955,52433,15291,16347,61553,9579,25583,44424,1797,29035,56841,49294,45272,32388,26792,57659,11695,52083,39130,8750,50976,49015,44219,34089,40932,37397,60320,56323,47935,54950,17143,26776,62394,51297,2496,797,31064,63688,2686,15386,19911,23233,64093,3176,33484,2167,47169,1637,3078,38202,58625,23900,2161,6261,63173,10527,32079,1439,56200,47333,41105,64052,32578,44017,6109,28083,9413,15756,50914,18513,47658,21560,41938,4428,53910,65276,59418,4413,11261,36860,19148,17193,7096,57064,7931,52497,31256,29134,49152,52038,51624,57579,59543,59277,52727,13955,46173,43745,41948,59223,55333,3202,57844,41842,13669,10716,22744,19680,53543,21277,32064,14320,38575,58688,50279,30155,49739,49146,16342,37745,33839,11503,2032,27131,3694,47053,14267,257,26784,27413,61773,13936,65333,57449,59381,672,48958,57339,57125,52353,13030,43474,57503,59439,7557,30250,48676,20448,5611,15880,47061,25399,20014,2992,5813,35415,23572,24751,1965,63696,20960,29116,36877,58934,48360,8388,14916,64361,19220,44296,45098,1839,61489,31857,31659,20257,27481,46217,49906,56297,37127,5097,31848,40815,6876,22807,32113,29951,64098,40009,14128,64156,12508,48909,62490,14994,40125,7888,64294,37794,11316,8115,56450,59980,18653,53695,62590,49084,16185,3671,63891,52946,824,44331,1455,909,8284,45647,52800,583,31947,13737,275,53496,27333,22366,6909,29307,16315,57424,52133,17603,5809,62647,64786,27146,55521,867,43436,18931,57323,26779,28772,56581,34576,63163,13142,48305,14103,53801,1804,16873,30217,216,38183,17627,43024,49642,56383,37273,25628,62988,7493,42818,52497,34814,21727,58571,16705,62080,41595,28568,26178,53482,60825,49908,13967,50971,60323,14622,37448,34008,10352,57046,37085,53571,34879,60224,2716,1598,25346,42288,30339,39672,10020,19267,9810,14148,23879,4669,42343,52470,55555,58972,52700,53434,26129,30292,24340,22249,57252,42013,64285,30278,7726,30671,20329,3372,2839,44618,5400,13251,59711,24982,62806,35988,40502,6837,49987,13992,58350,24300,42153,52739,45657,41923,25456,48685,55915,10134,6230,5278,2294,65326,47881,19725,60237,51002,45534,7418,60095,18821,8080,46894,16701,35257,31388,44371,39614,31546,61194,2249,26936,43369,60862,40219,27941,33791,65112,40246,39088,22340,37649,7430,58927,10319,9275,53830,41397,58513,57391,48726,19067,46377,12949,40242,33801,33508,53371,61596,61315,6210,18759,63477,18436,51014,6434,9853,63533,23164,49717,45060,54238,24625,22697,38118,14446,21858,50536,15510,56678,57642,3375,52183,6005,45171,21023,48942,39213,1283,59492,37174,60461,63981,48560,61953,11103,2942,64295,34704,33582,14937,50154,48788,9431,37860,64862,31657,64966,2770,64997,19939,55113,2958,26864,10303,54277,38375,17745,1123,31946,55333,7744,15030,26010,21281,15682,18422,36927,21669,26516,44029,4219,13759,44589,16021,61062,58868,12097,27768,63231,61400,22692,43108,41763,64102,59020,51483,22072,19096,52722,9449,21467,35090,35172,11581,37274,57202,39321,46723,649,5670,30912,25253,27673,27028,17703,33849,17631,64569,61422,55808,27770,33417,54701,54879,28789,53655,6785,61271,32056,49564,34622,35671,59148,44057,10673,53508,7337,26896,46802,43647,58297,18227,16600,12522,28863,43010,45996,54362,3230,19225,32389,39689,8457,39836,25680,28611,3753,50728,22979,50012,38466,43020,33317,1258,16723,13975,2883,47927,40,59642,10024,7266,45367,65244,37368,20093,53304,10342,17588,19611,40450,21212,15423,10150,26909,24938,30396,22881,64275,24771,58981,32967,48312,18447,3705,8866,47383,36116,22558,7066,33598,24727,21011,31079,61710,30811,64882,35580,16783,10599,9102,23220,9824,14075,22338,34525,33577,41906,60420,55393,51348,19935,59080,42018,42671,11943,63583,22363,9148,42607,16229,44506,21901,18920,22782,29343,2454,44985,23782,35485,23779,44114,25690,26963,64354,43639,5971,262,54305,51276,42045,7845,62785,18760,56611,64348,34825,16813,40975,4068,37287,61949,60381,5509,48026,14336,25777,49573,57681,8502,28085,29089,8607,8962,8193,10417,64247,27651,11823,12203,43300,44667,61936,11353,41039,4477,2924,9458,64643,54589,25325,48132,29645,63129,64926,35735,17862,49267,58123,43213,20945,60944,42666,54605,62163,60896,41909,43136,60724,57128,1065,38703,13909,42667,64410,17143,46645,13322,22194,26859,48299,42666,39510,63090,19224,46125,3735,36275,32163,17585,32937,40355,35915,40814,37438,36972,11716,54326,380,14948,25082,39445,40228,27226,22430,26944,2710,44565,46281,49136,19024,16553,35475,18230,14503,28028,6677,64778,16503,24729,31828,6706,21310,57465,57861,55128,33597,24617,16819,6114,53875,42830,9409,59190,35223,42388,56376,14121,30161,11125,36573,32127,25381,45413,38003,60233,17902,21468,25914,27168,17843,54668,20878,54686,38096,58411,29986,37477,65042,14670,62358,2084,54135,19180,11959,15862,32043,47021,53356,11122,38007,13080,29485,7039,17642,1521,46400,45072,15371,304,40522,9954,39376,632,27870,61579,26305,54342,143,19254,7976,58809,38978,244,38335,40109,56858,58787,21222,44415,11212,33938,62939,24872,10054,65222,24626,43074,14002,29234,1390,15659,85,40916,54347,60868,38887,17345,31394,19387,8987,39779,1743,49419,58599,10221,29894,16078,32956,5387,34676,45983,9924,32641,22488,26622,50371,52331,11719,35496,10003,38143,12960,42562,7447,5,61310,21009,32661,61553,42825,48315,24727,47866,60338,16569,57228,13563,39120,14009,10394,49031,29013,29283,1134,15049,24925,32298,41879,60711,60930,47756,58788,45195,37624,22840,26983,29664,43042,38745,39670,44210,58688,42075,8861,1356,23683,49945,28096,34404,20975,4880,53201,24060,9263,64,31778,45147,4594,50992,52916,4044,47523,38548,35104,53757,14104,59418,1467,46472,5431,16458,50236,62580,19019,63421,10490,64848,56686,50934,42978,275,28263,40048,9858,63987,4402,17370,38382,10413,22564,18090,15579,31972,48346,24330,22259,51772,60431,35711,55740,6923,12900,28215,20901,10056,42737,11337,30625,41443,4576,18078,18353,16267,29112,38071,11641,32727,37435,31741,36974,1425,44303,29201,30885,60049,26511,56040,7219,49810,26774,47622,60526,37506,13301,18653,56363,31477,8326,59520,34799,13146,60588,43548,5210,45951,7983,6758,41202,40135,64501,10785,2265,43214,19981,32379,41354,19969,63460,40864,17005,36879,2840,44797,12365,7237,10621,15391,47073,44277,18900,62114,61216,63696,41840,33636,5398,29888,11422,21714,20462,23735,23621,7078,60320,62266,24986,12057,7371,1189,57358,58272,65523,19846,57705,50795,11501,37148,35166,39771,5095,57034,62448,29506,59768,8929,38289,7696,19467,55142,38992,60748,45505,45775,25645,44764,28661,39711,14511,44338,7649,16192,45133,29891,32768,53282,8205,36993,37167,54543,30395,59979,36982,18619,47934,28546,7678,43020,63568,16259,1418,35665,54854,59914,59126,43968,58954,16049,7840,53843,34811,18551,60288,11487,30446,46824,38592,60681,21563,32436,35340,41475,1771,43536,25076,6280,8214,19655,4130,33219,45450,10620,13575,23874,39043,52347,23977,5682,13223,19806,8529,57032,1154,48702,54746,63656,60541,24449,9959,3008,58649,20817,26763,30595,37071,35701,3326,4200,24754,4633,39916,12541,21332,6810,12702,6979,19331,39258,25538,29393,40612,1516,21597,30576,26391,38006,16962,24487,60286,15483,37287,49162,17631,58833,368,59703,51203,5458,31222,52901,7062,7302,21536,4090,30988,32959,26151,14206,28598,28806,42229,4441,57725,57545,36955,55822,7470,25333,7707,4237,23180,15469,61751,924,19691,40109,35831,59302,39203,4076,14947,3985,38057,20506,4483,29330,30668,1724,23991,16243,10718,846,29963,27899,20681,32492,25490,36411,999,25544,14814,1177,3423,55476,34123,43397,30337,24825,4217,47315,2271,44317,54424,63791,54347,48583,2867,43127,2348,49664,59421,38005,353,8598,41258,49712,58548,28806,15621,31253,59471,15487,37,30285,43913,19900,36841,16596,62416,18267,12147,44964,19789,35923,52917,22259,11531,17175,5565,9920,56610,20002,34438,7325,6201,23069,14826,6182,21169,37805,12646,2535,9845,38889,36301,61671,11998,44082,41783,3112,24015,64333,5704,20874,36149,51784,44427,34498,48648,40881,28042,27445,43315,38913,60479,48248,2032,11385,31056,41551,34528,51184,40691,34873,27985,24481,50939,16368,718,45580,30243,60760,46841,34109,24324,64043,59406,46784,59973,6125,49373,4297,6266,56898,55284,25698,43512,8602,53400,1709,19320,25043,42906,7712,4351,5512,25587,61477,27051,15805,55591,55219,4575,52729,20283,16541,25117,22355,16394,7177,63814,44842,38989,62690,26657,49114,59924,8888,50978,39311,58221,47901,54254,62775,5068,38754,36516,6154,11279,45249,34433,20652,41027,45523,48961,7934,8455,59593,22141,53081,4053,8190,60705,45142,13609,56805,52847,49197,45523,53802,47438,35834,59525,17572,65172,54214,55923,57112,60176,39805,12335,42741,15586,26947,49824,6777,21090,63228,64938,53821,64347,44972,28479,39047,21637,30019,18246,49116,23783,44332,38531,51791,62946,18802,32287,31633,21739,12491,57561,53793,60496,42591,3755,6489,63635,9217,45923,41172,56985,27018,22327,3511,18168,31763,44593,38830,55283,34287,37565,20592,17206,38391,38354,24368,19063,37770,54921,28219,45214,17084,64841,23405,14934,13441,20924,39859,54778,47742,32209,25869,27627,56176,56999,52626,9097,25705,19839,19767,30932,39518,28555,36365,61204,56210,15254,58477,42351,38624,8863,15750,47028,28144,40570,20914,22654,48093,22951,39040,36301,50687,2494,3064,46982,34311,64187,13884,34240,3063,64710,12768,8797,40438,35490,93,45993,37135,39543,9553,42502,7173,15455,46278,22893,1518,33000,61230,47584,26364,32324,45972,8442,297,4315,57935,40166,62066,2367,58330,52514,12468,56237,59535,20975,61782,36716,38405,38133,2580,30370,48508,16499,1388,6999,16555,22042,8911,40294,62414,15281,24416,12502,56511,55061,62110,42062,38976,7115,45012,49596,61671,29618,28159,54503,29855,57257,53658,30055,44701,35612,58477,21698,57070,27892,61941,43961,31564,55282,41333,5643,42920,49164,57919,43401,18077,62882,56796,63744,38539,3175,54627,61720,58885,8559,39690,3639,53025,53685,58573,27341,15510,18664,21885,24600,12144,29264,22398,42614,14608,29572,40792,44550,60070,50777,55704,41439,42065,63475,36484,22853,53191,24776,43010,32245,28866,36429,21277,62074,37367,27799,41946,32759,46241,3544,18364,2274,18903,14297,9588,63445,62704,54598,10295,13034,11606,16348,65278,15269,41182,52408,36006,50381,58636,12280,62511,4424,64422,26350,10556,11108,44372,37960,61589,35814,28622,34010,64665,15036,45634,53488,60890,44096,54112,8491,51309,21,12106,21502,45225,813,12868,5563,65012,29500,40100,13385,12248,61532,56210,38699,59836,27968,3775,11804,15672,53672,41178,33662,45186,38633,59119,31471,33254,347,17700,59233,32831,19323,63466,2342,62834,2252,53043,45712,63675,6809,4400,55286,52917,57115,5483,13577,4181,44008,63426,49019,2467,266,3553,43629,50977,1564,9108,12878,49971,60577,33048,42030,61361,48537,57500,13290,51064,21137,1568,58818,24360,26266,34962,12000,9816,44852,21483,30539,15672,7329,58929,48381,36933,23908,57383,5047,59575,41627,2349,3130,34437,55184,54387,54615,39193,37830,7900,29542,48963,35347,8932,14840,53203,14610,58731,27928,3726,49760,9448,34942,29637,16231,47720,25551,10582,37196,8752,12257,21998,24525,56133,54305,51733,21241,26576,42247,47051,38098,20713,18733,10901,64336,2966,46659,51485,34827,36056,45171,34628,21060,45444,48643,4250,65385,43337,53944,41712,39287,52560,49140,65450,60594,8759,26251,38318,50990,64956,12117,16599,20068,48185,6960,45748,52862,44166,13969,38006,55915,56147,63981,50175,35192,14794,47361,58521,52133,24838,55181,27667,38223,53040,22214,13181,20582,30624,61318,42024,24247,2490,52287,39946,17594,40148,35858,39790,34506,31256,3681,15206,2507,5379,50066,19616,23763,42064,33,53327,21424,12540,43731,61048,4522,44856,46315,9102,15575,16745,46316,38881,3201,39525,12548,10600,8354,34882,28722,39998,60909,29385,62808,47237,13059,40945,34003,59216,485,36523,46012,41265,12367,4872,11898,27249,56753,32898,8533,26498,52754,31705,13471,23632,15198,12002,26227,34902,29268,27879,19566,64026,65531,58457,55949,44260,8724,5055,33040,1832,32803,48902,42076,51189,58988,37665,35974,53602,37138,15594,42144,36538,3367,20826,51285,52005,35915,42782,30733,17054,32480,38175,42454,61309,32816,13631,62401,3161,9346,59509,6339,56503,40777,56052,8552,63234,35254,28017,16283,39601,34608,6656,41295,35386,10960,24582,33003,25711,5484,56445,49288,50484,41336,64215,19278,12723,4029,26674,20167,31874,24180,64559,65235,16079,3090,24888,32577,3646,12396,47980,61774,48373,45481,19855,43883,45486,22144,42674,56238,16624,28329,18882,28724,38306,14158,46637,63192,24040,25884,2787,52551,50636,9742,58526,31254,4716,17940,42129,6183,23694,62090,47796,34048,254,62717,27925,45369,45240,41020,45609,25159,20877,40907,19894,52553,47917,60982,33519,16570,32324,59769,45559,33146,55764,51882,37044,35145,8080,33400,4257,59492,40201,23555,39290,16085,39055,53859,17576,54239,2046,13809,5055,49683,1730,51744,5710,22294,8224,45929,36366,4826,31829,10391,2766,40192,2182,18852,19320,59976,9199,224,11259,47499,28155,33247,53074,27952,59682,58136,3121,60151,27026,20967,12347,16211,33493,58806,12833,64848,58699,30875,58272,40709,33730,51648,46920,20650,1170,18429,63203,57913,316,978,17021,6893,8752,18609,57335,31187,18694,44875,59968,14622,1579,6704,38102,56492,32659,31336,9522,11479,64094,303,10672,59467,52743,41087,17841,10973,52745,62986,21977,16239,39746,28611,19462,60260,36181,38413,45319,12957,47332,37805,48779,58802,12526,34524,4518,48900,59810,2771,39716,56881,45971,53282,42847,34553,32285,2205,18400,21856,5707,6987,15466,64930,17746,54737,56334,10794,37760,63745,18317,62961,30947,32782,41237,56730,15398,42727,43159,8844,11257,23815,59190,50857,18688,10643,199,49185,53637,18892,20079,56033,9336,4976,49735,44971,46003,27325,53096,20890,32106,19703,45237,19024,59433,17420,64418,2353,17609,7589,58028,2511,44382,51829,22392,17698,47416,7017,11260,55722,30295,3428,24514,63039,60139,34234,48346,58236,52077,44507,8741,36076,16589,22441,49409,8207,2958,31368,20467,36171,17463,20509,60020,42816,29495,5433,14504,26131,39483,37169,14762,59611,57204,1398,28172,64240,44937,23195,26012,4787,26833,38984,60086,53400,42806,11817,29972,47280,14347,60774,46346,30222,18570,59374,16815,18463,25510,65475,14166,2282,24108,46503,45313,47039,25189,35676,24635,25436,2908,47897,6620,60360,50934,30443,30659,52765,45782,40871,52768,52169,13497,23900,8183,64380,8926,54948,30021,56664,19807,59,22331,19041,12973,60960,23371,23964,39807,10009,39284,26276,44705,16258,24695,4955,61274,21217,13570,29282,28707,26510,23701,19027,27039,1485,32005,38162,10641,61589,6627,35300,29473,50272,10970,52327,9523,5803,54712,26152,49868,40214,48128,50214,22313,2054,25290,27013,26877,47745,20066,16074,13567,55530,12159,21202,59679,53302,296,1301,36109,45514,35359,1702,7204,43558,40360,27931,56288,11734,63526,12492,32084,44189,36147,50436,21925,13367,55520,39518,34577,9961,10296,47011,33906,53946,25201,31545,5382,37066,46787,65123,21574,35107,8215,15265,39038,11815,62289,42216,57358,41094,3840,47625,60342,44286,27462,11842,20315,22741,13511,41244,60427,51528,65439,57757,51138,37613,38577,52921,27579,48469,31972,60610,9509,13373,8138,61329,29277,... 66566 more chars
